Sample #	Gene	Sample	CpGs	All reads	All T	All T - 1	All T - 2	All T - 3	All T - 4	All T - 5	All T - 6	All T - 7	All T - 8	All T - 9
1	SORL1 B cells	leukocytes	5	3991	137	42	33	83	520	3176
2	TRPV1 B cells	leukocytes	6	46629	1181	1388	631	1133	1586	7327	33383
3	NAT10 B cells	leukocytes	5	41472	2848	669	1085	2496	8249	26125
4	CD8A	leukocytes	5	38793	3780	679	314	850	5365	27805
5	CD8B 	leukocytes	6	27613	1582	341	279	365	1182	4497	19367
6	PCYT1A Eosinophils	leukocytes	6	383	5	6	8	12	50	104	198
7	HTT  Eosinophils	leukocytes	7	18167	639	153	154	308	642	1935	4247	10089
8	ACOT7  Eosinophils	leukocytes	7	8387	196	44	44	112	274	666	2076	4975
9	DENND3 Granulocytes	leukocytes	8	10900	5367	1867	793	857	442	330	238	464	542
10	NEUT Granulocytes	leukocytes	5	1169	322	25	42	114	264	402
11	TCFL2 Monocytes	leukocytes	6	7	0	0	0	1	2	1	3
12	MONO1 Monocytes	leukocytes	5	15670	1488	1061	1807	3314	7893	107
13	HIPK3 Neutrophils	leukocytes	4	63099	5653	12663	11689	5621	27473
14	PRKCH t cell	leukocytes	5	33050	10736	1481	1442	1750	2796	14845
15	SPATA13 T cell	leukocytes	6	11533	3687	504	211	109	350	1638	5034
16	FOXP3 Tregs	leukocytes	4	33994	208	293	1568	5359	26566
17	FOXP3 TSDR Tregs	leukocytes	9	22705	128	22	28	6	21	92	175	1065	5674	15494
18	SORL1 B cells	293	5	6291	0	0	16	46	609	5620
19	TRPV1 B cells	293	6	63478	1	0	55	134	1094	8309	53885
20	NAT10 B cells	293	5	61459	74	9	8	764	7612	52992
21	CD8A	293	5	49563	47	42	2	224	5645	43603
22	CD8B 	293	6	41182	1	0	0	8	457	6176	34540
23	PCYT1A Eosinophils	293	6	465	0	0	0	0	0	34	431
24	HTT  Eosinophils	293	7	18846	0	0	0	27	50	241	2922	15606
25	ACOT7  Eosinophils	293	7	14504	0	14	0	1	74	465	3346	10604
26	DENND3 Granulocytes	293	8	3223	26	1	3	7	6	94	270	1072	1744
27	NEUT Granulocytes	293	5	2244	1	24	37	246	1157	779
28	TCFL2 Monocytes	293	6	4	0	0	0	0	2	1	1
29	MONO1 Monocytes	293	5	18947	39	30	279	3453	14986	160
30	HIPK3 Neutrophils	293	4	92981	9	96	642	8394	83840
31	PRKCH t cell	293	5	47161	1	3	109	331	7164	39553
32	SPATA13 T cell	293	6	13166	0	1	47	3	224	1869	11022
33	FOXP3 Tregs	293	4	51091	73	208	2014	6438	42358
34	FOXP3 TSDR Tregs	293	9	27795	43	6	20	1	30	36	482	2054	7086	18037
35	SORL1 B cells	0.5	5	3797	51	17	14	78	363	3274
36	TRPV1 B cells	0.5	6	52098	757	725	186	756	1303	7564	40807
37	NAT10 B cells	0.5	5	44534	1886	426	390	1715	7573	32544
38	CD8A	0.5	5	39923	2469	417	229	443	4680	31685
39	CD8B 	0.5	6	31013	1006	198	238	233	819	4966	23553
40	PCYT1A Eosinophils	0.5	6	420	12	5	3	16	21	83	280
41	HTT  Eosinophils	0.5	7	15397	451	72	79	101	343	910	2871	10570
42	ACOT7  Eosinophils	0.5	7	9130	86	8	28	96	130	448	2267	6067
43	DENND3 Granulocytes	0.5	8	7358	3307	811	416	537	268	182	261	643	933
44	NEUT Granulocytes	0.5	5	1479	179	35	46	108	540	571
45	TCFL2 Monocytes	0.5	6	6	0	0	1	1	2	1	1
46	MONO1 Monocytes	0.5	5	13941	651	531	982	2967	8674	136
47	HIPK3 Neutrophils	0.5	4	73797	3700	8740	8991	7097	45269
48	PRKCH t cell	0.5	5	31680	5855	927	756	802	3176	20164
49	SPATA13 T cell	0.5	6	10034	1738	275	63	76	164	1194	6524
50	FOXP3 Tregs	0.5	4	35677	182	215	1483	5081	28716
51	FOXP3 TSDR Tregs	0.5	9	22319	65	4	0	32	58	72	212	1226	5819	14831
52	SORL1 B cells	0.25	5	2638	47	6	6	18	279	2282
53	TRPV1 B cells	0.25	6	38511	233	348	64	151	503	6191	31021
54	NAT10 B cells	0.25	5	35049	862	342	156	533	4911	28245
55	CD8A	0.25	5	27276	1013	119	56	300	2958	22830
56	CD8B 	0.25	6	21944	222	47	49	150	617	3298	17561
57	PCYT1A Eosinophils	0.25	6	309	12	1	9	7	20	33	227
58	HTT  Eosinophils	0.25	7	9461	119	7	50	21	146	468	1743	6907
59	ACOT7  Eosinophils	0.25	7	7274	39	5	20	24	103	450	1899	4734
60	DENND3 Granulocytes	0.25	8	3421	946	321	189	210	96	125	229	532	773
61	NEUT Granulocytes	0.25	5	1080	90	4	43	157	383	403
62	TCFL2 Monocytes	0.25	6	13	0	0	0	2	2	2	7
63	MONO1 Monocytes	0.25	5	10643	159	188	509	1957	7770	60
64	HIPK3 Neutrophils	0.25	4	57036	1450	4207	3992	4894	42493
65	PRKCH t cell	0.25	5	24746	2759	455	365	551	2939	17677
66	SPATA13 T cell	0.25	6	6348	714	85	30	19	59	1004	4437
67	FOXP3 Tregs	0.25	4	28189	257	156	1326	3531	22919
68	FOXP3 TSDR Tregs	0.25	9	17677	39	1	20	3	0	33	280	1385	4092	11824
69	SORL1 B cells	0.13	5	2522	10	0	1	39	245	2227
70	TRPV1 B cells	0.13	6	37250	0	0	2	284	755	4962	31247
71	NAT10 B cells	0.13	5	31560	272	46	77	843	4367	25955
72	CD8A	0.13	5	29100	477	27	58	116	2805	25617
73	CD8B 	0.13	6	21466	155	40	10	4	301	2738	18218
74	PCYT1A Eosinophils	0.13	6	265	0	1	1	10	6	36	211
75	HTT  Eosinophils	0.13	7	9381	24	2	27	4	86	191	1724	7323
76	ACOT7  Eosinophils	0.13	7	7051	11	19	1	10	34	214	1723	5039
77	DENND3 Granulocytes	0.13	8	2863	569	91	46	111	59	71	199	631	1086
78	NEUT Granulocytes	0.13	5	1084	55	22	15	109	589	294
79	TCFL2 Monocytes	0.13	6	1	0	0	0	0	0	0	1
80	MONO1 Monocytes	0.13	5	8745	118	63	267	1487	6801	9
81	HIPK3 Neutrophils	0.13	4	56669	578	1756	2050	4809	47476
82	PRKCH t cell	0.13	5	22918	1107	170	153	345	2959	18184
83	SPATA13 T cell	0.13	6	5983	255	17	6	14	158	885	4648
84	FOXP3 Tregs	0.13	4	25730	3	85	882	3426	21334
85	FOXP3 TSDR Tregs	0.13	9	16662	0	23	2	20	36	3	104	1467	4542	10465
86	SORL1 B cells	0.06	5	1983	10	1	0	15	205	1752
87	TRPV1 B cells	0.06	6	23651	149	54	34	149	171	3301	19793
88	NAT10 B cells	0.06	5	18458	95	14	69	350	2304	15626
89	CD8A	0.06	5	16178	117	15	3	126	1932	13985
90	CD8B 	0.06	6	15123	53	8	4	79	239	2156	12584
91	PCYT1A Eosinophils	0.06	6	284	0	0	0	2	4	50	228
92	HTT  Eosinophils	0.06	7	5747	12	2	3	15	15	139	679	4882
93	ACOT7  Eosinophils	0.06	7	3948	14	11	2	5	21	125	959	2811
94	DENND3 Granulocytes	0.06	8	1722	274	91	22	31	23	26	165	379	711
95	NEUT Granulocytes	0.06	5	1198	35	4	21	164	511	463
96	TCFL2 Monocytes	0.06	6	305	7	6	18	29	81	71	93
97	MONO1 Monocytes	0.06	5	6427	67	75	207	1259	4697	122
98	HIPK3 Neutrophils	0.06	4	32457	432	783	971	2305	27966
99	PRKCH t cell	0.06	5	13326	281	47	123	99	1301	11475
100	SPATA13 T cell	0.06	6	3282	63	4	0	3	52	543	2617
101	FOXP3 Tregs	0.06	4	14915	2	107	538	1804	12464
102	FOXP3 TSDR Tregs	0.06	9	10699	0	0	7	2	0	1	122	724	2679	7164
103	SORL1 B cells	0.03	5	3113	0	7	6	37	241	2822
104	TRPV1 B cells	0.03	6	35083	0	86	3	9	611	4139	30235
105	NAT10 B cells	0.03	5	29552	81	0	174	239	4280	24778
106	CD8A	0.03	5	24842	0	61	57	100	2999	21625
107	CD8B 	0.03	6	19723	52	2	2	3	304	2672	16688
108	PCYT1A Eosinophils	0.03	6	302	0	0	0	0	2	21	279
109	HTT  Eosinophils	0.03	7	9341	14	23	5	5	92	119	993	8090
110	ACOT7  Eosinophils	0.03	7	6477	0	0	0	0	14	139	1550	4774
111	DENND3 Granulocytes	0.03	8	2305	134	69	15	66	43	57	183	680	1058
112	NEUT Granulocytes	0.03	5	1140	2	1	23	163	637	314
113	TCFL2 Monocytes	0.03	6	0	0	0	0	0	0	0	0
114	MONO1 Monocytes	0.03	5	9003	8	12	130	1740	7098	15
115	HIPK3 Neutrophils	0.03	4	53471	180	557	987	4892	46855
116	PRKCH t cell	0.03	5	18807	395	15	25	262	1572	16538
117	SPATA13 T cell	0.03	6	5026	20	1	1	4	117	673	4210
118	FOXP3 Tregs	0.03	4	22278	48	58	601	3239	18332
119	FOXP3 TSDR Tregs	0.03	9	15158	1	0	0	0	1	87	251	933	3685	10200
120	SORL1 B cells	0.02	5	6557	0	0	33	91	655	5778
121	TRPV1 B cells	0.02	6	82130	1	71	260	69	932	11129	69668
122	NAT10 B cells	0.02	5	67421	3	139	23	1052	9713	56491
123	CD8A	0.02	5	61025	223	95	4	494	5169	55040
124	CD8B 	0.02	6	50202	222	42	24	243	537	8267	40867
125	PCYT1A Eosinophils	0.02	6	584	0	0	5	4	8	70	497
126	HTT  Eosinophils	0.02	7	25206	44	4	14	6	53	394	3462	21229
127	ACOT7  Eosinophils	0.02	7	14518	25	1	0	1	52	541	3129	10769
128	DENND3 Granulocytes	0.02	8	5050	196	73	142	133	36	55	337	1398	2680
129	NEUT Granulocytes	0.02	5	3082	2	13	46	327	1395	1299
130	TCFL2 Monocytes	0.02	6	4	0	0	0	0	1	1	2
131	MONO1 Monocytes	0.02	5	21855	7	99	343	3777	17577	52
132	HIPK3 Neutrophils	0.02	4	115252	320	298	1188	11945	101501
133	PRKCH t cell	0.02	5	52873	289	39	73	851	6994	44627
134	SPATA13 T cell	0.02	6	14230	112	31	8	4	129	1853	12093
135	FOXP3 Tregs	0.02	4	61856	2	40	2121	7771	51922
136	FOXP3 TSDR Tregs	0.02	9	40984	132	14	16	6	153	22	439	2836	10655	26711
137	SORL1 B cells	0.008	5	4700	0	0	0	21	370	4309
138	TRPV1 B cells	0.008	6	46210	103	158	12	310	1125	4687	39815
139	NAT10 B cells	0.008	5	37388	0	1	2	316	4390	32679
140	CD8A	0.008	5	38457	29	76	2	44	4510	33796
141	CD8B 	0.008	6	28928	0	1	133	89	51	3180	25474
142	PCYT1A Eosinophils	0.008	6	348	0	2	0	0	1	33	312
143	HTT  Eosinophils	0.008	7	13814	0	0	0	1	48	270	2318	11177
144	ACOT7  Eosinophils	0.008	7	8807	0	0	0	0	82	399	1802	6524
145	DENND3 Granulocytes	0.008	8	2641	29	73	2	9	16	16	64	717	1715
146	NEUT Granulocytes	0.008	5	1481	0	0	12	132	916	421
147	TCFL2 Monocytes	0.008	6	4	0	0	0	2	0	1	1
148	MONO1 Monocytes	0.008	5	12288	38	64	223	2477	9403	83
149	HIPK3 Neutrophils	0.008	4	67168	2	2	160	4501	62503
150	PRKCH t cell	0.008	5	26548	127	13	26	286	3759	22337
151	SPATA13 T cell	0.008	6	8030	1	22	30	4	73	1222	6678
152	FOXP3 Tregs	0.008	4	37365	61	143	1523	4668	30970
153	FOXP3 TSDR Tregs	0.008	9	24699	0	0	0	56	68	127	211	1679	6129	16429
154	SORL1 B cells	0.004	5	8668	0	0	1	77	785	7805
155	TRPV1 B cells	0.004	6	83389	0	0	8	478	1268	10765	70870
156	NAT10 B cells	0.004	5	72628	1	0	7	954	10895	60771
157	CD8A	0.004	5	69828	0	1	105	289	7310	62123
158	CD8B 	0.004	6	53362	0	0	4	93	233	7969	45063
159	PCYT1A Eosinophils	0.004	6	859	0	0	0	0	3	94	762
160	HTT  Eosinophils	0.004	7	27377	0	0	0	1	54	539	3056	23727
161	ACOT7  Eosinophils	0.004	7	16809	0	0	0	0	53	548	3950	12258
162	DENND3 Granulocytes	0.004	8	4307	1	0	0	13	8	61	412	1116	2696
163	NEUT Granulocytes	0.004	5	3520	1	1	88	417	1827	1186
164	TCFL2 Monocytes	0.004	6	11	2	0	0	3	2	0	4
165	MONO1 Monocytes	0.004	5	25368	59	1	234	4605	20192	277
166	HIPK3 Neutrophils	0.004	4	102267	224	187	426	8008	93422
167	PRKCH t cell	0.004	5	54351	0	0	93	799	6196	47263
168	SPATA13 T cell	0.004	6	16166	0	0	0	55	163	2630	13318
169	FOXP3 Tregs	0.004	4	63850	3	136	2829	8740	52142
170	FOXP3 TSDR Tregs	0.004	9	39247	0	0	0	0	0	34	358	3581	11055	24219
171	SORL1 B cells	0.002	5	1921	0	2	7	33	165	1714
172	TRPV1 B cells	0.002	6	16887	0	1	37	23	60	1969	14797
173	NAT10 B cells	0.002	5	13466	2	1	2	189	1690	11582
174	CD8A	0.002	5	11685	1	0	12	86	1322	10264
175	CD8B 	0.002	6	11657	1	0	0	24	230	1618	9784
176	PCYT1A Eosinophils	0.002	6	166	0	0	0	1	2	8	155
177	HTT  Eosinophils	0.002	7	4878	0	0	0	1	46	86	680	4065
178	ACOT7  Eosinophils	0.002	7	3079	0	0	0	0	27	94	747	2211
179	DENND3 Granulocytes	0.002	8	948	18	0	2	6	5	10	99	318	490
180	NEUT Granulocytes	0.002	5	940	14	0	26	103	444	353
181	TCFL2 Monocytes	0.002	6	9	1	0	0	2	3	2	1
182	MONO1 Monocytes	0.002	5	4580	2	23	44	681	3779	51
183	HIPK3 Neutrophils	0.002	4	23870	54	164	158	2159	21335
184	PRKCH t cell	0.002	5	9325	13	0	0	66	1295	7951
185	SPATA13 T cell	0.002	6	2885	8	1	0	1	25	487	2363
186	FOXP3 Tregs	0.002	4	12309	0	21	516	1623	10149
187	FOXP3 TSDR Tregs	0.002	9	9067	0	0	0	0	0	5	184	659	2170	6049
188	SORL1 B cells	0.001	5	445	0	2	0	2	34	407
189	TRPV1 B cells	0.001	6	5247	0	0	0	0	79	674	4494
190	NAT10 B cells	0.001	5	4247	1	0	9	33	462	3742
191	CD8A	0.001	5	3912	0	1	1	16	400	3494
192	CD8B 	0.001	6	2967	0	0	12	2	36	420	2497
193	PCYT1A Eosinophils	0.001	6	46	0	0	0	0	0	5	41
194	HTT  Eosinophils	0.001	7	1693	0	0	0	0	5	24	177	1487
195	ACOT7  Eosinophils	0.001	7	992	2	0	0	0	8	34	253	695
196	DENND3 Granulocytes	0.001	8	307	3	1	0	8	0	7	31	87	170
197	NEUT Granulocytes	0.001	5	159	0	0	1	18	80	60
198	TCFL2 Monocytes	0.001	6	3	0	0	0	0	2	0	1
199	MONO1 Monocytes	0.001	5	1202	0	0	13	212	969	8
200	HIPK3 Neutrophils	0.001	4	8764	2	5	22	676	8059
201	PRKCH t cell	0.001	5	3167	1	0	9	47	449	2661
202	SPATA13 T cell	0.001	6	757	0	0	2	1	3	115	636
203	FOXP3 Tregs	0.001	4	3901	7	10	167	418	3299
204	FOXP3 TSDR Tregs	0.001	9	2837	0	0	0	12	2	5	43	198	752	1825
